[N
29
25
8 iInstExt
5
10 ADDR_WIDTH
20
8 mux2t1_n
11
1 N
7
5 mixed
21
8 mux3t1_n
17
14 register_n_neg
8
8 INIT_BIT
3
3 rtl
24
9 structure
18
13 register_file
14
7 i_Flush
22
10 behavioral
1
107 /home/gmankow/cpre381/CPRE3810/Software/cpre3810-toolflow/cpre3810-toolflow/containers/sim_container_0/work
29
12 OUTPUT_TRACE
27
2 tb
23
15 riscv_processor
4
10 DATA_WIDTH
13
9 if_id_reg
10
10 structural
2
3 mem
9
10 register_n
16
7 dffgneg
28
9 gCLK_HPER
15
7 i_Stall
26
9 iInstAddr
6
4 dffg
12
10 INIT_VALUE
19
9 id_ex_reg
]
[G
1
27
7
1
29
0
0
0
0
8 8
109
115
46
116
114
97
99
101
1
1
1 8 1 1
]
[G
1
2
3
1
5
1
0
10
0
0 0
0
0
]
[G
1
9
10
1
11
1
0
32
0
0 0
0
0
]
[G
1
9
10
2
11
1
0
32
0
0 0
0
0
]
[G
1
9
10
3
11
1
0
1
0
0 0
0
0
]
[G
1
9
10
4
11
1
0
4
0
0 0
0
0
]
[G
1
9
10
5
11
1
0
3
0
0 0
0
0
]
[G
1
9
10
6
11
1
0
5
0
0 0
0
0
]
[G
1
9
10
7
11
1
0
2
0
0 0
0
0
]
[G
1
16
7
1
8
0
0
2
0
0 0
0
0
]
[G
1
16
7
2
8
0
0
3
0
0 0
0
0
]
[G
1
21
22
1
11
1
0
32
0
0 0
0
0
]
[G
1
27
7
1
28
0
0
0
0
8 8
-128
-106
-104
0
0
0
0
0
0
0
]
[G
1
27
7
1
11
1
0
32
0
0 0
0
0
]
[G
1
6
7
1
8
0
0
2
0
0 0
0
0
]
[G
1
6
7
2
8
0
0
3
0
0 0
0
0
]
[G
1
9
10
1
12
0
0
0
0
32 0
2
2
2
2
2
2
2
2
2
3
2
2
2
2
2
2
2
2
2
2
2
2
2
2
2
2
2
2
2
2
2
2
0
0
]
[G
1
9
10
2
12
0
0
0
0
32 1
2
0
0
]
[G
1
9
10
3
12
0
0
0
0
1 1
2
0
0
]
[G
1
9
10
4
12
0
0
0
0
4 1
2
0
0
]
[G
1
2
3
1
4
1
0
32
0
0 0
0
0
]
[G
1
9
10
6
12
0
0
0
0
5 1
2
0
0
]
[G
1
9
10
7
12
0
0
0
0
2 1
2
0
0
]
[G
1
9
10
5
12
0
0
0
0
3 1
2
0
0
]
[G
1
20
10
1
11
1
0
32
0
0 0
0
0
]
[G
1
17
10
1
11
1
0
32
0
0 0
0
0
]
[G
1
17
10
2
11
1
0
32
0
0 0
0
0
]
[G
1
23
24
1
11
1
0
32
0
0 0
0
0
]
[G
1
18
10
1
11
1
0
32
0
0 0
0
0
]
[G
1
17
10
1
12
0
0
0
0
32 1
2
0
0
]
[G
1
17
10
2
12
0
0
0
0
32 0
2
3
3
3
3
3
3
3
3
3
3
3
3
3
3
3
3
3
3
2
3
3
3
3
3
3
3
3
3
3
2
2
0
0
]
[P
1
13
10
14
15
1
0
0
]
[P
1
19
10
14
15
1
0
0
]
[P
1
23
24
25
26
1
0
0
]
